Valutazione modello:
MAE : 0.0071
RMSE: 0.0107
R2  : 0.9491
Metriche finali: {'MAE': 0.007143616943350242, 'RMSE': np.float64(0.010705354503014403), 'R2': 0.9490674979015722}